3	941
2	647
3	967
2	611
2	632
2	660
4	1305
2	622
2	599
4	1281
2	624
2	680
2	693
2	648
3	879
4	1209
2	651
2	675
8	2451
5	1563
3	918
3	952
5	1526
2	611
2	615
2	624
2	637
4	1211
2	681
2	657
2	634
2	540
2	646
2	557
2	650
5	1542
2	673
5	1491
2	550
2	649
5	1654
2	592
5	1501
2	677
2	612
2	597
2	628
2	624
6	1817
11	3481
3	940
2	618
2	610
4	1282
2	670
2	550
2	692
2	643
2	568
2	596
2	603
2	612
2	685
2	613
9	2856
3	1007
2	509
3	911
3	881
9	2782
2	638
2	648
2	590
2	642
55	17255
2	634
3	897
2	611
2	595
2	598
2	662
2	621
2	631
2	605
2	573
2	640
2	599
2	630
4	1269
2	621
2	656
2	608
4	1189
4	1218
2	690
2	616
4	1294
2	689
34	10543
2	629
3	934
2	644
2	633
2	703
3	915
2	632
2	603
4	1465
3	896
2	618
2	586
2	610
3	960
2	635
2	662
2	572
5	1570
5	1573
3	848
4	1199
3	966
2	549
2	704
12	3919
4	1214
2	619
7	2244
2	709
2	666
2	651
2	614
2	604
6	1928
2	572
4	1216
2	707
2	646
3	885
3	909
3	996
2	641
3	981
3	1008
7	2159
3	935
8	2604
3	911
2	628
3	908
3	1007
2	627
2	630
2	602
6	1876
2	594
2	579
7	2187
3	1047
2	710
2	690
2	581
2	644
2	565
2	693
3	924
2	572
4	1231
2	583
2	667
7	2183
2	610
3	1080
2	528
6	1840
2	632
2	635
2	588
2	635
9	2808
2	547
3	965
3	941
2	706
2	658
2	621
2	703
2	587
9	2838
2	636
2	618
2	602
2	642
2	658
3	954
2	577
3	975
2	604
2	620
2	629
9	2905
2	658
6	1961
2	644
4	1315
3	1039
2	565
2	630
2	595
4	1302
2	576
2	601
2	731
2	577
2	632
2	653
2	692
2	652
2	568
2	599
3	961
2	583
6	1766
2	593
4	1239
2	598
2	621
2	623
4	1284
6	1694
3	962
2	607
2	575
3	928
7	2233
9	3044
2	611
2	631
2	575
5	1463
2	713
2	572
2	668
22	6853
2	644
2	596
3	895
2	650
3	1011
4	1230
3	949
2	655
2	638
2	691
2	655
2	660
2	654
2	640
2	585
2	714
2	678
2	601
2	584
4	1192
2	676
5	1727
2	674
2	674
6	1909
2	623
8	2467
2	615
3	905
7	2239
6	1847
2	616
2	596
4	1166
2	575
2	654
4	1224
3	948
2	661
3	949
4	1255
3	1008
2	645
2	537
3	949
3	833
2	619
2	623
4	1335
3	896
2	609
2	596
2	568
2	596
2	683
3	830
2	646
2	611
2	600
2	617
2	659
2	611
2	687
2	631
2	664
2	683
2	627
2	638
2	692
3	950
12	3726
2	577
4	1195
2	628
2	627
2	626
2	594
2	639
2	628
2	631
2	613
4	1229
2	654
2	603
2	618
2	636
2	646
2	629
2	607
4	1200
2	656
3	888
2	599
2	637
3	917
2	655
3	901
2	586
2	656
3	890
2	611
2	635
4	1224
2	625
2	637
4	1336
2	574
2	665
2	615
2	658
2	543
2	634
2	648
3	875
2	677
4	1206
7	2242
2	653
5	1580
4	1328
3	876
2	576
4	1295
2	587
4	1267
2	627
6	1950
4	1235
2	554
2	550
2	623
2	630
2	641
2	625
3	969
4	1265
2	628
2	654
3	916
5	1665
2	629
4	1241
2	565
2	577
3	934
2	612
2	564
4	1186
2	670
2	628
2	634
2	618
4	1240
2	689
4	1330
2	547
2	649
2	593
3	997
3	872
2	663
3	963
2	598
2	596
5	1582
2	638
2	592
3	902
2	619
2	664
2	638
6	1833
3	986
2	631
2	664
2	646
2	690
2	667
2	632
3	931
2	609
2	734
2	627
2	635
2	698
3	965
2	640
2	664
2	643
2	561
6	1862
10	3316
3	896
2	603
2	700
2	596
2	592
3	998
2	675
2	653
2	509
3	912
2	639
2	632
3	882
2	585
3	929
2	659
2	611
2	603
2	665
2	624
2	649
2	653
2	612
2	709
4	1250
3	984
2	638
3	813
2	638
3	906
2	616
2	553
2	598
2	585
2	586
2	619
2	665
2	614
5	1611
3	1002
3	904
2	618
3	865
2	701
2	609
12	3745
3	958
2	617
2	627
2	658
3	919
3	898
3	939
2	563
10	3337
2	649
2	668
2	679
2	574
2	632
2	695
3	922
2	571
4	1230
2	553
2	664
45	14200
3	886
2	676
3	933
2	556
3	964
3	1013
3	935
2	611
2	653
2	647
4	1345
2	655
5	1572
2	600
7	2310
2	638
2	624
2	645
2	741
2	683
2	627
4	1242
2	596
3	925
2	658
2	686
2	575
2	615
2	675
3	883
4	1248
2	677
3	957
3	918
4	1246
2	605
2	561
2	643
3	919
2	662
2	658
3	814
2	702
2	598
3	886
9	2854
3	902
2	624
2	577
2	584
4	1284
2	657
5	1608
2	620
2	543
4	1338
3	1000
2	618
3	888
2	629
2	668
3	1013
3	910
4	1259
3	922
2	654
3	995
2	665
5	1561
4	1261
2	556
2	616
2	605
3	943
3	974
2	637
2	688
5	1649
3	916
10	3137
2	608
2	684
2	553
4	1194
5	1660
2	652
2	641
18	5684
2	557
5	1655
4	1260
4	1290
2	656
3	950
2	626
2	660
3	1008
2	686
2	610
3	971
2	615
2	620
2	565
2	635
3	907
4	1270
3	912
2	567
2	619
6	1756
2	549
2	622
2	631
2	668
2	577
3	909
3	924
2	730
2	614
3	963
2	589
2	601
2	644
2	599
2	559
2	647
3	989
8	2389
2	587
2	667
2	638
2	606
2	690
3	912
2	638
2	598
2	571
2	602
2	679
2	562
2	625
5	1557
2	632
2	609
3	898
3	966
2	716
2	585
2	739
2	603
2	597
3	974
2	625
3	963
2	620
2	599
3	968
2	611
2	582
7	2199
2	600
3	930
2	652
2	754
4	1195
3	924
2	677
8	2533
2	599
4	1278
2	620
2	633
2	660
2	591
2	652
4	1087
2	634
2	593
2	603
2	622
2	614
2	651
3	848
2	605
2	632
3	960
2	592
3	1016
2	548
5	1597
2	591
24	7763
2	606
2	630
2	643
2	561
3	1082
2	594
2	656
2	645
2	619
4	1266
2	770
2	626
5	1728
4	1343
2	600
2	637
7	2247
2	621
2	637
2	625
2	582
3	893
11	3644
2	650
2	622
5	1513
2	616
2	636
8	2450
2	600
5	1542
2	608
2	648
2	605
2	633
3	865
2	554
2	653
2	542
2	617
2	620
2	607
2	559
3	912
2	687
2	699
2	625
3	944
2	694
3	953
2	623
2	646
3	993
2	608
2	660
2	622
2	692
2	639
3	901
6	2174
6	1897
3	962
5	1525
2	622
2	648
3	1051
2	612
3	954
2	642
2	635
3	937
2	603
4	1295
3	926
2	641
4	1291
2	638
3	818
4	1199
4	1337
2	640
7	2195
5	1495
2	638
2	582
3	927
2	610
4	1244
2	613
2	590
2	632
7	2257
2	606
2	628
2	653
5	1520
2	663
2	653
3	878
2	661
2	606
2	647
2	618
2	590
8	2550
6	1719
2	574
12	3642
4	1214
3	904
3	998
3	963
2	659
2	671
2	614
3	898
2	657
8	2407
2	659
2	639
3	980
2	612
2	654
2	618
2	635
4	1154
2	583
2	652
6	1957
4	1289
8	2490
2	573
3	922
2	570
2	655
2	624
5	1496
7	2272
2	603
4	1167
2	663
2	653
2	560
2	624
2	681
15	4828
2	549
3	917
2	650
2	633
2	657
2	582
2	577
2	599
5	1543
5	1565
2	574
2	635
4	1255
3	892
2	656
2	605
2	606
2	573
2	639
3	1001
3	1048
2	632
2	632
3	979
2	621
11	3502
5	1456
40	12513
2	633
2	604
2	668
2	643
2	594
2	615
5	1651
2	654
5	1572
2	582
2	595
10	3245
5	1542
2	576
5	1588
2	652
5	1476
4	1195
2	602
2	658
2	656
2	642
3	862
2	671
2	597
2	597
3	936
11	3489
2	615
6	1924
2	635
2	632
3	968
6	1838
3	924
3	896
3	881
3	942
2	602
2	639
3	956
3	932
6	1907
2	557
2	584
2	652
3	895
4	1261
2	620
2	638
4	1262
2	643
3	973
2	593
2	644
2	631
2	491
2	611
3	953
2	603
2	648
2	625
2	625
4	1193
3	999
2	636
2	611
4	1329
6	1883
3	813
4	1232
2	692
2	643
5	1600
6	1865
2	640
2	668
2	627
2	649
2	565
2	643
3	981
2	619
4	1188
2	634
9	2746
2	615
13	3955
3	949
8	2348
3	957
2	633
3	924
2	611
2	571
2	633
3	931
2	649
2	669
2	576
2	678
3	1040
2	580
6	1777
2	639
2	669
8	2454
2	653
2	646
2	638
2	582
3	897
2	590
2	695
2	628
6	1859
2	620
2	619
2	622
5	1481
2	614
2	638
3	880
2	693
2	694
2	600
2	657
3	1002
2	647
3	976
2	656
6	1969
2	657
2	671
5	1613
2	687
2	600
2	651
2	645
2	577
4	1149
2	639
2	659
2	591
16	4750
2	611
3	849
2	644
2	626
2	577
2	687
2	644
3	917
4	1157
5	1519
2	663
2	646
2	649
2	679
3	931
6	1926
3	895
3	949
6	1928
12	3747
2	554
2	628
3	931
3	974
4	1225
2	704
3	952
2	675
4	1179
2	550
3	1007
3	1079
2	619
2	640
4	1183
2	606
2	639
19	6069
2	652
2	624
2	618
2	689
2	679
2	617
10	3143
2	584
2	621
2	656
3	955
3	973
3	927
2	682
5	1675
2	574
4	1179
3	975
2	602
2	667
2	615
2	641
2	573
2	637
2	517
4	1204
2	611
5	1538
4	1176
5	1531
2	683
2	657
2	625
2	624
2	599
2	588
3	910
2	605
5	1566
2	579
2	624
2	598
2	643
2	646
2	584
2	594
2	628
3	996
2	599
2	582
3	1016
2	686
2	600
3	883
2	566
2	646
3	898
2	590
2	616
3	993
5	1521
2	643
4	1231
2	551
2	655
2	521
2	631
2	673
3	985
2	672
2	632
4	1238
2	697
3	984
2	606
2	643
2	634
8	2672
4	1263
2	723
3	884
2	654
2	667
2	597
2	588
2	639
2	712
3	906
2	713
2	634
58	18055
2	597
2	595
2	643
2	674
2	674
6	1942
6	1892
25	7761
2	578
2	693
2	650
6	1936
21	6492
2	594
2	608
2	552
2	573
2	578
2	587
74	23197
4	1245
2	577
2	677
2	639
3	966
2	536
4	1211
2	580
2	621
3	935
4	1242
3	965
2	661
2	609
2	667
2	647
2	644
3	966
4	1265
7	2298
2	651
2	601
2	589
3	873
2	632
2	640
30	9223
2	583
2	571
2	668
3	897
3	892
3	963
3	905
2	635
2	631
2	653
3	969
3	1046
2	515
2	665
2	597
2	576
5	1475
30	9440
2	660
3	976
2	624
2	627
2	665
3	830
4	1230
2	721
10	3259
2	605
2	559
2	649
4	1260
4	1234
2	611
2	632
2	679
2	571
2	670
2	634
2	650
2	634
2	634
4	1172
4	1273
5	1527
2	641
3	906
6	1900
3	974
2	599
12	3687
3	947
2	696
2	598
2	695
2	664
2	581
2	569
3	864
2	678
2	664
2	600
3	1019
19	5917
2	570
3	974
2	551
2	642
2	656
2	594
2	583
6	1795
2	629
3	931
2	714
3	948
3	922
3	893
2	702
2	655
2	656
3	959
2	661
3	936
2	750
2	644
4	1324
2	558
3	891
3	962
2	655
6	1893
2	631
2	645
6	1883
2	621
2	589
2	646
2	612
3	959
2	639
3	931
2	557
2	596
3	910
2	683
2	620
2	735
2	616
2	636
2	679
2	670
2	651
2	620
2	623
2	581
8	2651
3	941
3	882
3	982
2	606
4	1353
2	604
2	612
2	613
2	660
3	919
3	1069
7	2145
2	652
2	694
3	964
2	670
2	661
2	603
5	1568
2	685
2	580
2	645
4	1279
2	656
2	629
2	560
2	646
2	643
3	927
2	658
3	959
4	1276
3	951
2	601
2	616
3	877
2	686
2	560
7	2244
6	1862
2	590
2	558
9	2767
2	572
2	641
2	678
2	649
3	925
3	991
2	622
2	685
3	925
2	623
2	671
2	669
2	659
6	1757
2	685
2	607
2	663
2	641
2	598
2	621
7	2130
2	645
42	12764
2	569
2	634
2	629
2	630
6	1810
2	627
3	927
2	644
2	638
2	616
3	944
2	553
2	631
2	660
3	923
2	624
2	594
2	621
4	1237
2	610
3	1048
2	645
2	647
10	3148
3	972
2	751
2	642
2	608
3	917
2	647
2	588
2	626
5	1482
2	679
2	658
3	939
2	538
2	728
3	976
3	1003
4	1301
2	630
2	609
2	743
3	850
3	946
2	592
2	683
3	863
3	862
4	1329
3	1025
2	614
3	882
2	677
2	629
12	3799
3	1017
5	1604
2	624
3	918
2	622
2	684
2	599
2	578
2	621
2	644
3	964
2	641
2	739
3	931
2	672
2	606
2	617
2	599
2	664
4	1252
2	632
4	1245
9	2852
2	698
2	568
2	722
6	1949
5	1585
2	626
2	652
2	609
2	700
4	1177
3	956
2	708
3	975
5	1624
2	587
4	1287
2	637
2	606
2	635
2	557
2	583
3	947
2	665
2	591
4	1220
6	1962
2	626
2	640
3	1035
2	694
2	633
2	763
3	884
3	974
4	1279
3	951
2	710
2	671
4	1353
2	610
5	1538
2	678
2	670
12	3661
2	640
5	1525
2	682
3	914
3	923
2	643
2	686
13	4172
2	629
2	637
4	1221
2	562
2	667
3	957
5	1532
5	1495
3	980
2	617
2	659
6	1794
5	1527
3	1081
3	845
2	616
3	881
2	600
59	18087
2	581
2	609
3	878
3	959
2	671
2	595
2	679
2	722
3	940
2	613
3	966
2	521
3	982
5	1563
2	633
2	646
2	594
2	693
2	528
2	648
3	989
2	630
4	1234
2	669
2	622
3	928
2	558
37	11566
3	930
2	603
7	2250
13	4085
4	1282
2	628
6	1868
2	573
3	918
2	662
2	636
2	629
2	615
2	581
2	714
2	658
2	599
2	584
3	853
2	734
2	672
3	879
2	612
2	733
4	1186
2	535
4	1263
2	611
3	1015
6	1791
4	1348
3	916
2	583
6	1846
3	1003
2	705
7	2214
2	666
2	638
3	997
2	585
2	673
2	655
2	660
2	643
2	665
2	622
4	1355
12	3616
2	557
3	1011
2	620
2	606
2	642
6	1947
2	694
2	620
2	650
2	619
2	603
25	7707
2	646
2	659
2	581
2	691
2	652
2	736
8	2479
2	686
2	602
3	930
38	11770
2	632
2	657
2	655
2	675
2	545
2	607
6	1964
5	1540
2	636
3	889
3	921
2	601
4	1274
2	672
2	633
2	639
7	2155
2	630
2	696
4	1213
2	638
3	829
2	643
2	676
2	651
2	617
2	794
4	1246
2	580
3	971
2	670
2	616
2	651
23	7355
2	647
12	3739
2	612
2	588
2	667
3	917
2	604
3	929
2	612
2	636
2	654
2	629
5	1587
5	1545
2	527
2	593
3	891
2	704
2	616
2	617
2	633
3	899
4	1201
2	663
4	1376
2	648
2	647
2	654
2	549
2	624
3	892
4	1310
8	2485
2	579
3	1000
10	3155
4	1208
2	659
2	639
3	929
4	1357
2	658
2	616
6	1931
2	658
3	948
2	652
2	646
3	959
5	1528
2	583
2	562
5	1603
13	4011
2	728
5	1604
3	875
3	1047
4	1180
2	636
2	572
2	586
3	984
4	1219
3	984
2	634
2	629
2	601
3	972
2	659
2	696
2	617
2	623
2	652
2	560
2	681
2	683
4	1318
3	961
4	1236
2	598
4	1228
3	984
2	651
2	615
2	614
2	606
2	660
2	632
2	665
8	2456
3	939
9	2836
5	1567
3	907
2	615
2	657
2	644
20	6331
2	639
2	602
3	1068
2	611
4	1276
2	556
2	726
2	644
4	1402
2	620
2	688
2	629
2	614
3	979
4	1262
2	674
2	679
2	621
2	587
2	730
2	630
2	608
12	3782
2	622
2	607
4	1267
3	978
2	620
2	642
3	922
2	693
3	961
2	611
2	651
2	652
3	960
2	559
8	2395
2	675
3	919
2	610
2	589
2	532
11	3500
2	656
3	988
4	1213
2	548
2	656
3	931
5	1516
2	642
8	2447
2	681
7	2226
11	3482
4	1255
2	607
8	2443
7	2197
2	654
4	1279
2	620
2	609
3	925
2	629
4	1322
5	1658
3	952
7	2169
4	1231
2	642
2	628
2	627
3	986
2	580
2	660
2	680
10	3116
3	920
2	681
3	892
2	639
2	721
2	605
2	562
3	917
11	3435
2	651
16	4879
2	602
2	626
7	2249
2	628
3	991
3	899
2	533
2	684
2	616
2	684
4	1294
2	523
2	604
4	1169
2	637
2	585
2	718
2	582
2	672
31	9890
7	2191
12	3811
2	645
2	569
4	1266
2	671
2	658
2	640
4	1383
3	922
2	639
2	622
2	615
2	619
5	1559
3	944
2	598
2	646
2	675
5	1474
2	617
3	894
2	610
3	957
2	584
2	614
2	613
2	673
4	1246
11	3471
2	592
2	596
12	3593
3	993
2	577
2	589
2	594
4	1320
2	603
2	641
3	972
2	658
3	1057
2	594
2	559
2	592
2	600
3	998
2	620
2	676
2	596
2	587
2	613
2	601
2	644
2	664
3	861
2	631
3	930
2	599
4	1196
3	877
2	661
2	629
2	600
2	665
3	945
2	658
2	616
2	646
3	944
2	656
4	1195
2	613
2	621
15	4637
3	905
2	581
2	659
2	625
3	948
3	941
3	967
2	634
2	650
3	1041
30	9362
2	583
5	1507
2	612
2	557
2	639
3	912
7	2198
2	585
2	597
2	621
2	675
2	578
2	644
2	585
2	615
2	541
2	595
2	696
4	1248
2	579
2	594
3	938
2	622
2	687
3	997
2	675
2	595
2	651
2	716
5	1540
3	928
2	613
4	1263
2	655
2	621
2	674
2	669
2	640
11	3493
2	635
2	706
2	641
2	566
2	595
2	645
4	1268
3	851
2	667
2	632
3	935
72	22725
6	1890
3	907
6	1786
2	575
4	1274
2	633
2	629
2	626
2	637
7	2233
2	569
2	641
2	581
6	1841
3	909
2	651
8	2601
5	1667
2	681
2	674
2	731
2	584
3	930
3	899
2	617
4	1249
2	634
2	710
2	647
2	595
2	699
3	918
3	921
4	1110
2	621
2	614
2	655
3	898
3	1032
2	596
2	625
2	653
2	742
2	681
2	730
2	632
3	821
6	1906
8	2619
3	936
2	604
4	1293
2	636
2	622
2	627
2	620
2	623
2	612
2	593
4	1250
2	588
2	552
2	760
2	572
2	609
2	646
2	658
2	656
2	616
2	660
2	706
2	675
2	620
2	576
3	804
4	1201
6	1814
3	916
2	587
2	533
4	1257
5	1526
5	1625
4	1248
2	684
2	646
4	1272
6	2049
2	632
3	953
2	600
2	644
2	739
3	882
2	543
2	589
2	564
2	645
6	1910
4	1293
2	572
2	735
2	677
29	9303
2	762
27	8404
6	1869
2	650
5	1624
3	919
2	597
3	1002
2	630
2	612
2	648
2	636
2	632
2	716
2	738
3	887
2	678
2	599
3	945
6	1914
6	1940
2	672
2	638
2	586
2	609
2	597
2	657
15	4806
4	1413
4	1261
4	1209
2	639
2	578
3	938
4	1260
2	595
2	634
2	666
6	1964
7	2209
2	657
2	576
3	949
3	1049
2	654
2	599
2	596
4	1212
5	1665
2	680
2	705
2	570
2	714
2	604
2	641
2	624
3	897
4	1259
3	956
2	636
2	598
2	607
3	1011
2	589
2	593
2	590
2	624
2	596
2	659
2	611
2	599
3	998
2	643
2	610
2	648
2	599
4	1254
2	663
3	917
2	576
2	659
2	629
53	16531
3	929
2	613
7	2190
2	688
3	891
2	551
3	961
2	590
2	663
2	600
3	949
2	629
2	668
2	635
4	1170
2	594
3	1017
2	678
2	562
3	901
19	6020
2	683
2	586
2	614
3	1015
3	921
2	622
2	553
2	616
15	4674
3	976
5	1517
2	661
2	605
2	709
3	895
4	1318
2	668
2	654
2	623
2	673
3	873
2	646
2	630
2	643
2	570
2	599
2	603
2	630
2	647
3	1013
2	657
2	522
2	627
14	4272
2	653
7	2131
4	1158
2	535
2	631
2	569
2	620
2	659
6	1895
2	608
2	659
3	870
2	701
2	650
2	595
2	606
2	604
2	665
2	668
2	614
2	668
3	966
2	591
2	606
3	936
2	706
3	926
3	998
5	1560
2	632
3	844
6	1850
2	542
2	643
2	706
3	1024
2	650
2	594
2	608
2	609
2	648
2	622
3	939
2	601
2	582
5	1540
2	642
2	612
3	891
2	658
5	1593
3	994
2	618
2	617
3	960
5	1718
2	637
2	617
2	631
3	886
2	599
3	939
3	914
3	981
3	940
2	653
2	564
2	611
2	634
5	1521
2	678
4	1306
2	591
2	581
3	944
2	628
5	1635
3	901
2	611
2	571
2	558
6	1918
3	872
2	665
2	563
2	678
2	583
6	1940
2	652
2	588
4	1418
2	622
3	969
3	914
2	681
4	1304
2	599
3	902
3	927
2	624
4	1345
3	947
2	546
3	897
3	1052
5	1450
2	639
2	666
2	526
2	600
2	590
2	689
5	1478
2	555
2	583
2	631
8	2461
2	653
2	685
5	1609
3	863
2	680
2	625
3	919
2	638
2	643
2	607
3	942
2	640
3	893
2	707
3	942
2	670
2	666
2	610
3	944
2	558
2	637
3	936
6	1845
3	983
2	666
2	609
2	610
2	599
2	681
3	944
3	932
2	575
2	626
3	856
2	609
2	603
2	734
3	894
2	600
2	569
2	677
5	1547
5	1510
2	576
2	646
3	973
2	690
2	621
2	565
15	4739
2	653
2	639
2	665
2	683
2	574
2	571
4	1274
2	687
2	593
3	954
4	1304
2	631
2	610
2	633
2	602
2	625
4	1238
3	903
4	1202
2	576
2	668
2	664
2	639
5	1639
2	592
4	1164
2	644
3	861
3	916
4	1417
2	566
4	1271
3	993
2	656
2	641
2	505
2	627
2	629
2	621
2	621
5	1642
2	594
2	677
2	677
3	993
5	1567
2	670
8	2488
25	7868
3	888
2	575
2	717
2	641
2	638
2	661
2	585
2	684
2	585
3	1038
3	992
11	3584
16	4827
2	590
3	994
2	631
2	644
3	929
2	596
2	625
3	846
2	592
2	646
2	589
2	619
2	639
3	968
7	2119
3	929
4	1263
11	3577
2	625
3	902
3	939
2	642
2	591
2	598
5	1645
2	622
3	878
2	616
2	635
2	612
2	648
2	635
2	717
2	663
2	588
2	567
3	954
2	599
3	1005
96	30325
3	944
37	11579
101	31643
2	639
3	874
2	694
2	559
2	597
3	934
3	948
2	597
2	653
2	583
2	578
3	862
13	3981
4	1189
2	638
3	1024
2	692
2	592
2	658
2	652
2	638
2	614
2	689
2	664
2	719
3	959
2	636
2	607
2	610
2	660
3	918
2	533
7	2152
3	933
2	581
2	602
4	1343
3	972
2	675
6	1853
2	620
2	642
3	954
2	621
2	602
2	633
2	696
2	575
2	565
2	675
19	5949
2	656
2	597
2	618
3	855
2	636
2	689
2	578
2	614
2	621
3	894
2	665
2	590
2	644
2	588
2	637
2	617
3	899
4	1162
4	1251
2	616
2	556
4	1279
3	928
2	583
2	651
2	706
7	2234
2	648
2	651
5	1571
2	643
2	612
2	589
2	642
2	699
2	689
2	601
2	559
2	639
2	625
2	758
2	623
2	595
2	588
3	1047
4	1258
5	1630
2	688
4	1241
2	544
2	614
3	957
2	621
4	1287
4	1257
3	974
4	1283
2	573
2	672
2	570
2	579
3	1026
6	1930
9	2834
2	625
2	576
2	609
3	877
2	660
3	1047
2	668
2	596
17	5327
3	1018
4	1266
3	945
3	924
2	618
3	996
2	651
2	584
2	618
4	1255
3	913
3	862
6	1929
2	619
2	703
2	589
2	654
2	619
2	633
5	1534
3	895
11	3478
2	634
2	619
3	962
3	937
2	682
4	1344
2	580
2	634
2	614
2	588
3	913
2	629
20	6158
4	1160
2	679
3	940
2	691
2	561
3	897
2	629
3	922
2	638
2	607
2	620
2	611
2	699
7	2184
2	641
2	597
5	1563
2	679
3	952
2	622
2	712
24	7394
4	1231
2	609
3	934
3	970
4	1187
2	606
2	638
2	624
2	656
2	655
19	5953
3	933
2	592
4	1275
3	879
3	955
6	1871
2	585
2	685
2	596
3	941
2	625
3	966
14	4253
2	703
2	594
2	680
6	1848
4	1249
2	671
7	2293
2	604
3	932
3	950
5	1578
3	973
2	573
4	1186
3	897
3	949
2	638
2	608
2	602
2	651
4	1300
2	662
2	659
2	604
2	597
3	865
5	1553
2	626
4	1179
2	678
2	642
2	649
4	1258
7	2358
3	923
3	959
2	586
6	1917
4	1241
2	704
2	610
2	605
2	607
3	879
6	1797
2	605
4	1231
2	658
2	720
2	661
3	988
3	1027
3	934
2	617
4	1253
2	689
2	645
21	6525
3	905
2	672
6	1872
2	725
2	668
2	628
2	594
5	1548
4	1264
2	586
18	5652
3	953
3	934
3	919
5	1573
4	1213
2	570
3	909
3	997
3	910
2	665
2	664
3	956
3	979
2	579
3	898
2	586
3	901
2	592
2	612
4	1273
2	627
2	629
2	599
2	678
3	1001
4	1227
10	2992
2	583
3	893
4	1176
2	547
2	703
2	619
3	947
2	629
2	660
2	686
2	579
2	646
2	658
2	584
2	626
2	642
3	958
2	631
2	596
2	633
5	1577
4	1297
4	1194
2	644
2	624
3	960
2	635
3	1004
2	693
2	639
17	5288
2	752
3	926
2	662
4	1176
2	512
2	626
5	1513
5	1463
7	2137
2	630
2	656
3	985
2	656
2	604
4	1243
4	1169
3	927
2	652
2	638
2	650
3	990
2	587
2	622
2	577
2	744
3	919
2	606
8	2510
5	1510
3	956
2	610
2	577
3	932
2	664
2	645
2	649
3	911
2	641
2	582
2	664
3	870
3	938
2	610
2	632
5	1628
2	600
2	624
3	929
5	1553
3	1030
3	1013
2	588
4	1255
3	936
4	1198
2	609
5	1650
4	1216
2	668
2	600
7	2184
2	659
2	639
3	938
2	572
2	674
27	8357
7	2204
2	715
2	565
2	633
2	644
6	1882
2	611
2	618
4	1216
2	566
2	646
2	724
11	3505
2	660
17	5283
2	625
2	624
5	1614
3	933
16	5156
7	2249
4	1229
4	1205
2	679
9	2818
2	641
2	693
2	678
3	931
2	586
4	1329
2	700
2	582
4	1226
3	991
3	1020
4	1242
2	630
5	1533
3	990
11	3517
3	958
2	600
2	698
2	647
2	608
2	627
3	896
2	672
4	1197
4	1369
2	581
7	2295
4	1241
2	682
2	722
2	755
2	663
11	3265
2	610
3	887
2	618
4	1223
2	649
2	641
2	665
3	1030
2	621
2	646
2	632
2	639
2	615
2	538
2	623
3	941
2	594
2	668
2	588
2	597
2	633
2	645
3	949
3	900
2	656
2	631
3	1000
2	658
2	617
2	633
2	594
2	690
3	974
5	1605
2	625
6	1748
2	642
2	637
2	637
2	636
2	663
2	670
2	663
10	3236
2	617
3	1087
2	666
2	673
3	1013
2	677
10	3283
3	1011
2	651
9	2704
3	921
2	673
2	632
3	958
2	676
4	1199
2	623
2	650
2	570
2	640
4	1317
4	1221
6	1911
2	661
4	1175
2	648
2	584
3	886
2	583
7	2284
2	557
2	638
2	602
2	624
2	636
2	629
4	1142
2	684
3	926
6	1815
2	590
2	647
2	613
2	623
2	732
2	622
12	3840
2	663
3	926
5	1659
3	949
2	581
2	573
2	619
2	685
2	675
3	976
2	617
3	852
2	614
4	1163
2	544
2	689
3	992
2	575
5	1641
2	628
2	565
2	644
7	2287
2	584
4	1319
2	582
2	545
2	600
2	554
2	663
3	941
3	890
7	2284
3	918
2	582
3	965
2	642
2	641
2	629
4	1319
2	657
3	913
3	905
2	657
2	649
2	620
2	578
2	674
4	1225
2	645
3	904
2	675
3	1017
4	1362
4	1236
2	566
2	695
3	955
2	617
2	564
2	617
24	7526
2	581
2	549
2	596
3	900
2	621
3	912
2	735
2	571
2	616
4	1188
3	906
5	1495
7	2091
2	629
2	628
2	665
3	963
2	663
2	691
3	969
4	1248
2	689
3	992
2	679
2	642
5	1550
2	639
3	935
3	903
4	1407
2	660
2	652
3	924
3	954
2	608
4	1260
2	667
2	574
3	929
2	652
2	600
4	1204
2	592
2	654
2	642
2	566
3	962
3	1018
2	651
3	946
3	879
2	690
2	600
2	655
2	747
3	947
3	1010
4	1321
2	668
2	635
2	565
2	678
3	989
2	643
2	537
2	655
2	495
2	662
2	629
2	616
2	553
7	2225
2	611
4	1305
2	641
3	960
2	609
2	634
2	645
3	887
3	956
2	491
3	916
2	628
4	1237
4	1201
2	590
2	617
4	1254
2	647
3	970
2	668
2	595
2	613
2	637
2	637
2	669
2	607
2	564
2	711
3	926
8	2389
2	629
2	607
3	945
2	627
2	676
3	901
2	585
2	633
2	657
5	1595
2	660
2	666
4	1240
2	610
2	584
2	504
2	588
2	606
3	986
2	577
2	665
2	574
2	674
2	595
11	3506
2	629
2	628
2	607
4	1330
3	874
2	672
3	882
2	626
2	584
4	1267
2	599
4	1359
3	932
3	969
2	602
2	581
6	1968
4	1236
2	632
4	1203
3	916
2	609
3	938
2	556
2	689
2	671
2	648
2	655
3	891
2	617
3	916
2	594
2	598
2	596
2	798
2	645
2	685
2	615
22	6967
2	586
4	1228
2	605
3	905
2	655
3	956
2	646
2	568
3	855
3	934
3	922
4	1346
2	581
2	636
2	636
2	568
3	974
3	870
4	1326
5	1629
2	629
3	844
2	559
2	636
6	1832
4	1246
2	668
2	624
2	622
4	1199
2	615
2	608
4	1320
3	1018
3	934
2	627
2	546
2	642
10	3134
2	604
2	560
2	577
5	1511
2	656
2	652
2	616
2	627
3	940
3	901
2	576
3	932
2	595
3	948
2	651
4	1278
2	608
4	1131
2	610
3	961
4	1340
2	595
2	639
2	640
5	1494
2	539
2	563
3	939
2	577
2	587
3	1000
2	618
2	639
2	604
2	652
2	698
2	666
2	678
3	1056
2	618
2	661
2	622
2	642
2	624
2	568
3	943
3	924
2	586
2	659
2	580
2	645
2	682
3	954
2	630
2	594
2	527
2	699
3	932
2	610
2	573
2	591
2	590
2	655
2	624
2	631
4	1245
5	1578
2	521
2	613
2	619
4	1229
3	953
4	1304
2	605
2	654
2	603
2	637
6	1963
2	602
3	981
3	989
2	622
2	587
3	1004
2	642
2	699
2	636
2	570
2	598
3	944
8	2535
2	646
2	639
2	693
2	626
2	699
3	962
2	621
11	3494
4	1303
2	573
2	654
3	1006
3	960
3	888
2	603
2	638
2	503
2	652
2	626
2	655
2	573
2	614
2	631
2	599
5	1548
2	601
2	650
2	607
2	634
3	880
2	587
2	629
3	902
3	926
2	636
2	694
2	686
4	1320
16	4975
2	619
2	605
2	657
2	688
3	895
2	594
2	594
2	704
3	894
4	1249
2	660
2	621
15	4633
2	598
2	591
2	596
2	647
2	660
2	581
2	604
3	856
2	608
2	660
2	659
4	1267
2	641
3	1029
3	868
2	600
2	615
2	695
2	610
2	591
5	1528
2	537
2	604
2	595
3	886
2	638
2	655
3	987
2	609
3	942
5	1528
2	647
2	646
3	880
3	991
3	935
3	933
5	1565
2	618
2	605
2	607
2	663
2	514
4	1236
5	1515
2	569
2	558
2	602
2	677
2	601
2	613
2	628
3	906
3	894
3	1010
2	628
2	614
2	594
2	632
3	847
3	1044
2	622
3	884
2	576
2	644
3	786
3	997
2	644
2	625
5	1563
6	1871
2	639
2	637
2	574
4	1251
3	953
2	618
9	2866
5	1515
3	961
2	701
3	923
2	620
2	637
3	1007
2	673
4	1233
2	518
2	678
2	578
2	624
2	730
3	981
2	625
3	972
2	635
2	640
2	689
2	613
2	648
2	729
2	609
2	667
2	557
2	583
3	835
4	1216
2	572
2	673
2	590
2	569
2	633
2	622
5	1518
2	666
2	610
2	626
3	887
2	632
2	561
2	572
2	620
7	2118
3	934
2	608
2	598
3	960
2	631
2	615
3	886
2	620
2	627
2	581
2	691
2	631
4	1277
2	659
6	1857
2	637
2	587
4	1198
4	1275
2	613
2	568
3	1035
4	1276
2	546
3	991
3	972
2	652
2	598
3	895
2	677
3	937
4	1264
3	920
2	654
2	635
4	1239
2	616
4	1318
2	628
2	734
2	620
2	570
2	599
2	612
2	577
4	1301
2	664
16	4936
2	658
27	8586
2	671
2	652
3	932
5	1575
2	553
2	655
4	1229
3	923
2	668
2	652
3	904
4	1195
3	934
2	649
8	2519
10	3159
2	507
3	999
2	601
3	983
2	622
2	709
2	632
2	636
3	934
2	589
2	594
2	615
2	606
3	837
2	633
2	632
6	1917
4	1235
2	625
4	1270
2	551
2	656
2	665
2	655
10	3110
3	931
4	1293
6	1826
3	1064
5	1527
6	1905
2	664
2	621
3	1013
2	584
9	2794
2	590
2	699
6	1906
3	928
2	697
2	725
2	572
2	598
2	590
2	661
5	1546
2	611
2	713
2	627
2	605
2	670
5	1540
3	961
6	1824
2	688
2	631
5	1563
2	595
3	943
2	657
2	538
2	620
2	585
2	640
3	960
4	1350
2	624
2	645
2	629
4	1213
2	639
2	705
3	898
4	1217
6	1984
3	990
2	598
19	6006
6	1857
5	1609
2	635
3	900
2	640
2	621
2	615
3	993
2	597
4	1232
4	1317
2	592
5	1539
3	860
3	876
2	587
4	1287
2	614
4	1292
2	615
2	639
3	964
2	626
2	639
3	911
3	962
2	663
2	620
4	1188
2	662
2	603
2	660
4	1279
5	1572
4	1221
2	594
3	976
2	560
3	1026
4	1221
2	673
2	665
3	904
2	674
2	558
10	3295
2	729
2	648
5	1532
6	1912
5	1571
2	604
2	623
2	675
2	605
3	949
2	655
2	603
2	618
2	583
2	647
2	668
2	623
2	676
2	673
3	948
3	988
4	1268
2	580
2	621
2	625
2	665
2	593
2	589
2	603
23	7238
3	948
2	654
2	691
3	944
2	618
8	2413
3	1011
3	850
6	1982
5	1533
2	570
4	1272
2	654
2	619
2	653
2	659
2	671
2	632
3	906
12	3742
7	2270
2	585
2	666
2	695
2	568
2	612
13	4072
3	884
2	644
2	604
4	1284
2	653
2	686
2	664
2	611
2	629
2	589
3	1009
4	1200
5	1544
3	919
2	592
5	1504
2	616
7	2206
2	655
2	627
2	573
2	639
3	1080
2	630
2	579
2	607
2	624
2	597
2	674
5	1558
2	653
2	594
2	611
3	1016
3	892
4	1284
7	2206
3	991
2	554
3	921
5	1585
7	2271
2	586
7	2031
3	1025
3	909
2	589
3	961
2	584
2	642
2	611
4	1212
3	918
2	644
2	625
2	633
4	1204
2	601
2	636
2	673
4	1281
2	595
3	957
3	1017
2	621
2	645
2	604
2	594
2	726
2	659
2	628
4	1212
5	1608
6	2046
2	622
2	591
5	1571
2	648
2	595
2	598
4	1234
2	629
2	654
2	648
2	623
2	641
2	620
2	662
2	614
2	604
3	967
2	647
2	605
2	647
3	994
2	603
2	656
2	617
2	669
2	606
5	1583
4	1265
3	922
4	1273
2	598
5	1563
3	978
2	628
3	918
4	1210
7	2228
2	604
2	630
2	609
2	584
2	561
2	600
2	674
2	688
2	569
2	563
3	899
2	590
2	678
2	669
2	682
2	614
2	675
3	879
2	678
3	879
2	584
11	3416
2	644
2	692
2	588
2	604
2	680
2	614
2	658
2	610
4	1229
2	678
5	1579
2	601
2	617
3	939
2	608
2	636
9	2625
4	1116
5	1560
3	1009
3	940
2	620
2	625
3	976
2	637
2	669
2	572
2	598
2	615
5	1512
2	675
3	920
2	583
3	937
11	3348
5	1639
4	1184
3	896
3	886
2	574
3	946
2	650
3	940
2	621
2	618
4	1226
2	597
2	635
4	1159
6	1948
2	638
2	674
2	593
2	595
4	1259
2	602
2	628
5	1625
3	992
2	651
3	1060
4	1231
2	633
2	631
2	648
6	1844
2	698
3	945
2	671
2	612
2	681
2	648
3	991
2	534
2	625
5	1575
3	958
7	2293
2	582
2	654
4	1209
2	634
2	722
3	1018
9	2694
4	1221
2	626
6	1948
2	661
2	631
3	969
2	597
3	1044
2	629
4	1257
4	1256
4	1189
4	1197
2	626
29	9038
3	814
2	595
2	647
2	613
2	613
2	599
5	1555
2	588
2	692
2	696
3	989
2	611
4	1244
2	592
2	670
2	559
9	2790
4	1208
2	650
3	911
2	608
2	654
3	966
3	903
4	1255
3	939
3	974
4	1371
2	664
2	614
10	3109
2	585
3	935
2	630
4	1220
2	573
2	615
3	911
3	892
3	932
5	1615
4	1242
2	594
2	643
2	675
2	655
2	646
2	655
2	590
5	1645
3	920
2	707
2	578
2	625
2	568
4	1198
2	668
3	926
6	2027
2	592
3	965
3	893
2	667
4	1208
9	2686
3	967
2	607
2	665
2	668
2	659
4	1152
2	665
2	582
2	676
2	572
2	663
6	1831
3	906
3	907
3	896
3	1032
4	1254
3	951
2	634
2	637
3	949
3	960
2	673
3	972
2	583
2	603
4	1186
2	609
3	973
2	658
2	696
3	973
2	655
2	658
2	587
9	2842
2	604
5	1546
2	641
2	582
2	628
3	876
5	1517
2	641
2	582
2	744
7	2218
3	915
2	616
2	660
2	570
2	611
2	586
2	532
2	627
3	958
2	660
3	964
2	628
6	1868
4	1229
3	985
2	610
2	673
2	648
4	1200
2	628
2	631
2	617
3	1042
2	723
2	630
4	1261
2	638
2	620
2	661
2	643
3	943
2	672
2	605
8	2503
2	600
2	556
2	691
2	544
3	926
2	684
3	897
2	585
2	672
4	1251
2	515
10	3070
2	628
3	928
2	625
2	713
2	570
2	635
2	609
3	941
2	647
3	972
2	619
2	681
54	17010
2	572
2	663
2	662
3	995
3	946
2	541
4	1193
2	650
4	1245
2	602
4	1335
3	991
5	1576
7	2087
3	966
2	637
2	645
4	1219
2	665
2	640
2	670
3	907
2	684
2	646
3	911
2	593
2	661
4	1296
2	614
3	989
2	696
2	662
2	598
3	938
4	1323
2	636
2	638
2	623
6	1965
6	1951
2	645
2	599
8	2382
2	650
2	636
2	644
3	985
2	695
4	1224
2	603
4	1256
4	1235
2	674
2	653
3	956
3	957
7	2263
3	1025
3	840
2	521
4	1309
4	1293
2	718
3	875
8	2352
2	689
2	604
3	947
4	1272
2	582
2	622
2	697
2	633
3	826
2	598
3	918
5	1559
3	878
12	3830
4	1295
5	1602
2	615
2	624
2	623
3	996
2	657
4	1285
3	895
2	631
5	1582
5	1499
2	620
2	636
2	666
2	618
2	590
2	600
2	575
2	636
2	669
3	934
2	617
2	593
7	2398
2	669
2	629
2	657
2	641
3	966
4	1291
2	593
2	650
2	633
2	625
2	589
2	603
2	656
3	936
3	1028
2	646
4	1261
5	1567
2	701
2	651
2	618
2	598
3	916
2	531
2	601
2	647
8	2515
2	593
2	663
2	668
2	645
2	597
2	626
3	921
2	753
2	625
2	653
2	710
2	578
2	621
2	614
6	1883
2	589
2	546
2	558
3	948
2	683
2	628
6	1984
2	608
2	609
2	657
2	508
2	651
2	641
5	1611
3	975
3	942
2	615
2	619
2	574
2	630
2	587
2	615
4	1318
2	602
2	669
2	618
2	621
2	594
3	1016
2	536
3	954
2	665
2	694
2	556
4	1235
2	639
2	650
6	1782
4	1309
2	649
2	591
2	639
2	653
2	596
3	934
2	675
2	631
10	3154
4	1281
2	662
2	586
4	1210
2	653
3	972
3	942
2	692
2	666
4	1316
2	629
2	599
2	610
3	910
2	562
2	552
2	576
2	611
2	658
7	2255
2	578
2	578
2	624
2	614
3	908
2	603
3	962
2	638
2	614
2	620
3	862
2	652
3	937
2	676
4	1214
8	2571
2	637
2	682
4	1229
2	643
2	641
2	582
2	626
8	2444
2	677
4	1255
2	644
3	922
2	635
2	548
2	561
2	677
5	1584
2	672
4	1260
5	1554
2	649
5	1461
3	879
2	666
2	630
5	1466
2	599
3	939
4	1252
3	1054
4	1230
2	632
2	586
2	640
2	574
2	577
2	669
2	608
2	686
2	612
3	915
2	629
2	567
2	679
2	722
2	608
3	951
2	646
2	633
3	984
5	1554
3	985
4	1224
2	624
2	608
4	1226
2	642
2	692
2	669
6	1906
2	649
2	699
4	1244
2	643
2	587
2	673
3	1016
10	3233
2	702
3	1050
2	669
2	627
3	967
3	912
2	633
25	7863
2	633
3	887
9	2847
2	606
4	1267
2	655
2	625
2	695
2	650
2	649
4	1146
3	965
2	587
3	907
2	579
2	609
3	866
3	1018
3	828
4	1265
2	600
2	669
2	550
2	577
2	591
2	647
4	1292
28	8869
2	698
4	1243
2	609
2	590
3	900
2	612
5	1505
2	545
3	852
2	580
5	1595
2	640
6	1767
2	632
2	608
2	596
3	981
2	641
2	661
2	663
6	1908
2	682
2	602
2	591
5	1487
3	902
2	603
3	880
137	42861
4	1134
2	692
2	594
2	614
2	594
13	4091
2	654
2	613
3	1029
12	3812
2	629
3	920
2	608
2	587
2	679
4	1272
3	877
2	626
2	602
2	588
5	1589
3	885
2	619
2	715
2	609
4	1231
2	629
2	650
2	624
3	935
3	914
2	631
3	907
2	653
7	2091
4	1294
2	602
4	1187
4	1297
2	673
2	588
3	924
2	614
2	598
3	897
3	952
2	681
4	1295
2	646
2	628
3	957
3	856
2	607
3	980
2	632
2	641
2	627
2	640
2	600
2	667
2	560
2	665
7	2105
5	1556
9	2836
2	589
3	920
2	688
2	592
2	681
2	690
3	943
12	3587
2	658
14	4417
2	643
2	730
4	1303
2	655
2	637
7	2311
2	594
3	934
2	686
3	935
2	499
3	966
4	1265
2	598
2	646
3	962
2	574
2	631
2	608
2	654
2	611
4	1371
2	625
2	587
3	916
2	650
4	1269
3	925
2	614
3	910
2	605
2	585
2	628
2	797
3	867
2	654
6	1813
3	927
2	610
3	955
8	2410
2	608
3	1026
6	1940
4	1293
2	639
3	939
3	996
21	6709
2	583
3	958
3	936
3	923
2	644
2	632
2	612
2	595
2	567
15	4756
3	952
5	1469
2	623
6	1845
5	1613
3	991
2	594
4	1124
4	1299
2	670
2	640
2	656
2	618
3	911
7	2238
2	610
4	1210
2	633
5	1623
12	3634
2	601
2	629
2	639
2	639
2	687
5	1622
2	637
5	1588
3	1030
2	625
2	629
2	574
2	684
2	679
2	625
2	579
2	636
4	1299
2	585
2	649
2	640
2	591
7	1999
2	614
3	976
2	660
3	900
2	661
2	585
2	617
2	601
2	635
2	648
3	834
4	1212
3	966
2	653
2	635
3	925
2	667
2	579
2	682
2	660
7	2139
2	688
5	1588
2	612
2	605
4	1229
4	1173
2	581
4	1205
2	668
4	1219
3	1047
2	524
7	2415
4	1292
2	595
2	670
2	590
2	649
2	614
2	640
2	661
2	590
2	579
2	742
2	585
2	637
2	591
3	910
4	1325
2	635
2	654
9	2838
2	694
4	1180
11	3483
2	640
2	565
2	641
4	1312
2	615
3	872
14	4396
3	916
2	619
3	918
3	945
2	675
2	642
4	1307
6	1905
3	1042
2	684
2	682
2	661
2	629
2	611
3	1035
4	1235
2	547
2	656
3	990
2	620
2	535
2	551
2	600
4	1391
4	1208
2	675
2	628
2	627
7	2194
2	588
2	632
3	878
3	1010
4	1349
2	652
2	612
2	616
2	620
2	582
3	913
3	1045
2	641
2	656
2	617
25	7975
2	617
3	922
8	2519
4	1203
2	623
2	562
2	641
2	572
2	624
2	571
2	649
2	642
2	588
3	951
17	5374
20	6265
3	940
2	667
3	950
3	929
2	585
4	1265
2	624
2	619
3	960
2	575
4	1392
2	614
3	999
2	608
3	986
3	863
4	1262
18	5777
2	627
7	2232
2	627
2	651
3	967
2	629
2	634
2	600
2	650
2	591
2	654
2	643
2	681
4	1312
3	1052
3	768
4	1220
2	710
5	1574
2	644
2	595
2	630
5	1545
2	644
3	967
3	997
2	584
41	12791
3	880
2	625
2	606
2	639
2	631
2	649
2	620
2	645
2	633
2	651
3	897
2	614
2	613
4	1231
3	1022
3	996
2	663
2	700
2	602
3	1008
2	639
3	859
4	1217
2	648
10	3117
8	2536
3	889
2	598
2	636
2	620
2	547
2	630
2	616
2	635
2	705
2	638
3	930
2	742
2	579
4	1343
3	896
2	597
2	649
2	643
2	657
3	970
2	616
2	592
2	541
5	1607
31	9675
2	585
2	624
2	669
2	618
2	649
3	986
2	620
2	638
2	644
2	504
7	2160
3	939
2	693
3	953
2	633
3	883
3	848
2	577
2	594
2	628
2	720
3	977
2	625
2	651
4	1197
2	634
3	855
2	671
2	625
2	655
2	586
2	617
2	679
2	652
3	979
2	585
3	1037
2	638
2	603
3	933
2	671
3	932
2	607
2	620
5	1609
2	516
4	1158
2	603
2	618
2	585
2	601
2	597
2	642
4	1196
2	604
6	1954
2	591
2	546
3	980
2	620
2	661
2	633
3	951
11	3551
4	1184
2	574
11	3392
2	595
2	651
2	609
2	631
15	4664
2	650
7	2135
2	585
2	599
5	1670
2	661
2	572
3	940
6	1927
2	701
2	648
2	707
2	638
6	1722
4	1158
2	622
2	624
4	1212
2	619
3	873
4	1284
2	596
2	615
2	614
5	1501
3	877
7	2396
2	636
2	570
2	604
2	662
4	1297
2	609
2	643
2	618
2	604
2	636
2	659
2	610
2	665
2	662
2	583
2	564
2	576
4	1227
2	642
2	587
2	653
2	672
2	634
2	638
4	1306
2	630
2	708
2	680
2	630
2	678
2	640
2	629
2	649
2	635
2	586
2	599
3	881
2	684
2	662
2	667
4	1191
2	627
3	934
2	611
4	1274
2	601
8	2458
2	648
4	1205
3	953
3	1029
2	630
2	656
2	573
2	638
2	628
2	629
2	597
2	625
2	608
5	1670
4	1198
4	1245
2	623
2	634
2	544
2	635
11	3591
4	1224
2	650
4	1186
3	1044
2	669
2	594
3	936
2	633
2	629
2	630
2	613
2	641
2	582
3	997
2	658
2	618
4	1262
2	645
2	585
2	642
2	603
2	616
2	615
2	649
3	1010
5	1457
3	955
2	560
2	610
2	673
4	1301
2	571
2	663
3	899
2	647
6	1963
3	938
2	809
4	1270
2	652
2	654
2	616
14	4275
5	1485
2	665
2	615
3	893
2	681
2	667
2	679
3	904
2	625
2	617
9	2969
2	631
2	588
2	631
2	616
2	651
2	668
2	645
7	2179
2	599
3	987
2	660
12	3898
6	1849
2	660
3	941
2	676
14	4353
3	893
2	643
3	978
2	623
4	1231
2	567
3	959
2	520
2	623
6	1900
2	634
3	951
2	632
2	628
2	661
2	648
3	966
10	3138
2	543
2	631
3	925
6	1880
3	941
5	1672
2	641
2	632
2	636
3	943
2	621
2	611
2	476
2	633
8	2491
11	3425
3	972
3	1060
4	1277
2	601
3	923
2	648
2	624
3	934
2	615
3	944
4	1203
2	622
2	682
2	639
5	1530
3	894
4	1185
3	1025
2	580
2	628
4	1301
4	1260
2	655
10	3108
8	2429
2	552
2	641
5	1546
2	648
2	610
2	643
2	645
5	1473
2	644
2	651
3	906
2	662
6	1852
2	650
5	1423
2	608
5	1626
2	607
2	632
4	1191
4	1220
2	634
2	649
3	1013
2	594
2	668
2	589
5	1469
3	960
6	1945
4	1225
2	611
4	1200
3	887
3	972
6	1781
5	1590
3	912
2	652
2	689
2	603
2	643
3	882
5	1493
3	924
2	669
2	569
3	957
2	610
5	1629
5	1672
3	970
6	1791
2	562
2	655
2	569
2	685
2	701
5	1566
2	685
2	611
2	559
2	579
2	752
3	975
4	1371
3	922
2	575
2	624
2	560
2	643
2	605
3	889
3	936
4	1229
3	963
2	596
2	621
2	585
2	641
2	659
2	628
2	651
2	573
3	997
18	5752
5	1636
2	613
6	1800
2	611
2	659
2	658
2	646
5	1571
24	7322
2	516
2	656
2	593
2	606
2	608
2	549
2	575
4	1233
3	914
2	606
4	1328
3	960
2	641
2	668
2	598
2	553
2	614
2	616
9	2765
2	615
4	1246
2	591
2	603
2	677
2	632
2	639
3	953
2	672
2	588
2	625
2	628
2	614
10	3136
2	625
2	582
2	610
4	1256
2	620
2	717
3	917
2	665
2	575
4	1230
2	567
7	2214
2	565
2	603
2	610
2	617
5	1590
2	610
2	646
2	608
2	683
3	868
2	668
3	972
2	692
2	701
2	656
2	622
2	609
3	1052
4	1291
2	632
2	630
3	1005
2	664
3	945
4	1208
2	713
2	579
2	731
2	585
3	900
2	701
4	1269
3	881
3	879
3	915
5	1642
2	658
2	719
3	939
2	549
2	588
3	966
2	657
2	588
2	586
4	1160
5	1511
2	624
3	883
2	566
2	605
2	615
3	955
2	689
2	649
2	739
4	1272
6	1868
2	652
2	614
4	1428
2	662
2	561
2	622
2	572
3	932
4	1292
2	637
2	596
3	901
2	666
3	907
3	949
2	694
2	673
2	609
3	844
2	696
2	601
3	934
2	577
3	972
6	1906
2	650
2	643
2	602
2	622
5	1520
2	712
2	537
2	670
2	535
2	584
7	2202
5	1518
2	678
2	711
2	604
2	635
3	992
2	606
4	1223
9	2719
3	1020
2	576
2	647
2	631
2	608
2	627
3	1019
4	1234
2	629
2	592
9	2844
2	593
4	1242
2	618
17	5322
3	943
2	521
2	602
2	660
2	596
3	967
2	628
2	593
3	980
2	611
3	928
2	629
2	728
2	533
2	620
2	643
2	629
2	645
4	1218
2	598
2	668
3	920
2	692
2	607
3	886
2	573
4	1247
3	978
2	681
3	846
2	631
37	11750
2	591
3	967
2	602
3	906
2	601
2	652
2	663
4	1249
3	945
2	612
2	645
2	573
2	594
3	935
2	643
2	623
3	989
3	958
2	666
3	878
3	939
7	2142
3	945
2	673
3	1059
2	615
2	577
2	643
2	614
2	622
2	621
2	667
2	669
2	638
2	568
2	520
3	925
2	689
2	720
2	650
2	630
2	644
2	671
2	614
3	946
5	1609
2	659
4	1330
2	673
2	522
3	972
2	629
3	907
2	633
2	597
2	550
3	904
2	644
2	574
3	1007
4	1340
2	650
2	582
2	583
2	670
2	610
2	615
2	621
2	583
2	585
2	668
2	595
4	1263
7	2193
3	967
2	679
2	645
2	644
2	551
2	652
4	1271
3	936
2	595
2	647
3	935
3	982
2	692
2	567
2	653
2	611
2	557
2	666
2	588
16	4825
2	559
2	652
4	1162
2	665
2	723
3	949
2	581
6	1940
2	617
2	644
3	1018
2	615
2	612
2	586
8	2522
3	900
2	637
3	966
2	617
2	676
2	603
2	627
3	953
3	930
2	612
5	1504
4	1200
2	722
5	1466
3	1020
2	543
3	895
3	975
2	620
3	966
2	625
2	641
2	616
2	611
2	545
2	654
4	1373
2	603
2	674
2	630
2	708
4	1263
2	574
2	623
10	3137
2	626
3	929
2	643
7	2143
2	564
3	944
2	728
2	727
4	1218
2	596
2	604
4	1308
8	2517
2	652
2	584
6	1871
3	906
2	633
16	4964
2	677
2	605
2	652
3	945
2	546
2	607
2	612
6	1884
2	598
4	1275
16	5005
2	576
3	951
3	1024
4	1298
2	644
3	899
2	605
4	1259
2	692
2	624
2	660
2	621
6	1929
7	2199
3	947
2	610
2	671
2	684
2	588
3	949
2	555
16	4985
2	662
2	691
2	662
2	622
2	587
2	683
2	607
2	596
2	668
2	533
2	654
3	935
3	1023
5	1561
7	2281
2	645
5	1531
2	636
2	603
3	944
2	695
2	631
3	966
2	612
2	671
2	630
3	904
3	943
2	627
2	683
2	681
2	613
4	1221
3	944
2	594
3	925
2	581
2	690
2	611
2	656
2	600
2	582
4	1275
2	675
6	1817
3	994
3	894
9	2750
2	584
2	581
6	1963
3	993
2	635
2	659
3	944
2	661
2	680
5	1491
2	662
2	634
4	1248
3	866
2	599
3	984
9	2761
2	592
3	934
3	940
2	657
2	538
5	1543
8	2469
4	1300
2	679
2	578
2	622
2	579
2	661
2	624
2	590
2	594
5	1486
2	714
14	4316
3	869
2	593
2	623
2	624
2	645
2	641
2	564
2	616
2	678
2	638
3	873
3	988
2	556
2	625
2	617
2	616
3	956
2	738
2	713
3	966
3	949
3	951
6	1841
3	909
3	1069
3	898
6	1867
2	702
2	658
5	1539
5	1709
6	1941
2	632
2	626
2	616
2	637
5	1477
2	658
2	652
3	925
3	947
2	689
2	646
8	2587
3	934
2	605
2	616
3	902
2	650
2	603
2	607
2	605
2	633
2	658
3	901
3	1011
3	967
4	1256
2	649
3	982
11	3322
2	553
3	938
2	648
5	1716
2	621
2	575
2	628
3	1106
2	616
2	620
2	637
2	645
2	574
5	1541
2	609
2	589
2	625
2	598
2	634
2	666
2	678
2	618
2	688
3	1001
2	634
3	952
2	645
2	694
4	1171
4	1251
2	609
2	593
2	615
2	683
4	1214
2	624
2	607
2	617
6	1800
2	589
2	680
4	1193
2	633
3	917
2	676
2	587
2	676
2	551
3	886
11	3355
2	590
2	660
2	664
3	935
2	675
2	613
2	630
2	637
5	1506
2	688
5	1567
2	701
2	600
3	1033
2	630
2	621
2	631
2	552
2	649
2	714
3	952
2	580
2	648
2	621
2	627
2	706
2	612
2	652
3	982
2	625
2	658
4	1236
6	1853
4	1274
2	576
2	678
3	983
4	1195
3	1002
2	581
2	677
3	984
3	1058
3	994
2	613
2	638
2	681
4	1185
2	583
3	966
2	552
2	589
2	638
2	643
10	3240
2	638
3	1001
5	1595
3	970
4	1251
2	604
2	602
2	623
3	961
3	910
2	616
2	539
3	1054
2	576
2	657
2	652
2	690
2	600
4	1328
3	938
2	655
2	588
2	650
2	571
4	1242
40	12525
2	612
3	918
2	615
2	644
2	723
6	1968
5	1520
2	654
2	627
4	1250
2	628
2	636
2	578
4	1333
2	631
7	2137
2	650
6	1907
2	641
2	624
4	1283
2	633
2	674
2	644
2	630
2	538
2	656
2	564
4	1182
4	1290
17	5295
2	610
6	1826
5	1509
2	606
3	852
2	612
2	636
2	647
2	580
2	602
2	635
3	974
2	585
2	594
2	581
9	2832
2	589
2	639
3	1042
2	641
2	660
2	629
2	628
2	623
4	1181
2	622
4	1291
4	1236
14	4217
2	608
4	1231
2	745
2	616
2	635
2	625
2	694
3	899
2	595
2	653
2	582
3	891
2	746
5	1598
2	651
3	965
2	574
2	613
4	1288
2	672
2	589
4	1288
2	572
3	1052
3	1011
6	1785
9	2831
2	621
2	559
3	886
2	656
4	1283
2	593
2	631
2	600
2	614
2	606
2	638
17	5387
11	3493
3	887
3	974
3	938
5	1592
2	621
2	583
2	610
12	3772
7	2269
2	582
2	612
6	1843
2	568
3	825
2	598
2	573
2	644
3	917
2	623
2	704
5	1641
2	701
3	1012
2	585
2	584
4	1199
3	1018
2	610
13	4336
2	621
5	1569
2	559
2	605
2	636
4	1239
2	694
2	625
2	663
2	709
2	612
2	624
2	556
2	660
2	609
2	583
4	1325
2	578
2	602
2	591
3	943
2	597
5	1572
2	688
3	910
2	654
42	13298
3	920
2	670
2	591
4	1265
2	571
2	618
2	618
2	669
12	3770
3	970
2	637
7	2009
2	588
2	520
2	611
3	931
3	918
3	864
2	579
2	629
3	971
2	612
2	671
3	985
2	623
2	653
2	660
2	631
2	590
2	647
2	588
2	627
15	4458
4	1206
2	534
2	580
2	647
5	1627
2	670
5	1734
2	628
2	547
2	602
4	1278
2	643
4	1222
2	593
5	1636
4	1303
2	647
11	3472
2	669
2	658
2	628
2	574
3	996
2	585
2	684
20	6255
3	996
2	683
2	656
5	1540
2	617
2	654
2	540
5	1563
2	604
2	646
2	615
2	635
2	639
8	2509
2	635
2	611
2	612
4	1296
2	672
3	980
2	621
2	615
2	619
2	607
2	605
12	3683
6	1929
2	637
4	1184
4	1253
4	1147
2	694
2	595
2	590
9	2985
3	893
2	669
3	972
2	676
2	623
2	582
2	653
2	629
2	616
2	618
2	570
2	573
7	2179
2	646
6	1917
2	678
3	1002
2	635
3	900
4	1214
2	707
2	628
2	648
3	897
5	1484
2	628
3	853
7	2288
2	696
2	670
5	1512
2	615
2	663
2	670
2	585
8	2598
2	662
2	644
2	648
2	613
3	932
3	1022
2	584
2	558
2	573
2	688
2	695
2	701
5	1501
9	2844
2	644
2	651
5	1597
2	723
3	979
4	1234
3	990
2	683
5	1502
6	2000
5	1613
2	574
2	588
2	624
4	1208
2	600
2	640
3	923
2	668
2	605
2	661
3	853
2	669
3	1005
2	655
2	666
2	688
2	598
2	636
3	858
2	697
2	575
2	549
4	1315
2	640
20	6263
2	624
2	573
2	673
2	628
3	857
2	633
2	674
3	995
2	660
2	602
2	578
3	949
2	660
4	1357
2	647
4	1211
2	590
2	590
2	669
2	623
3	1000
2	564
4	1285
3	971
2	626
2	669
3	896
2	579
2	589
2	645
4	1183
2	647
4	1256
19	5808
2	636
4	1229
14	4447
2	621
2	564
2	691
2	573
5	1437
2	626
8	2588
5	1546
2	650
2	621
2	571
3	991
3	956
2	624
3	1085
2	630
3	950
2	583
2	677
2	625
2	610
5	1517
2	670
4	1421
2	581
2	641
2	670
2	624
2	632
3	1009
5	1549
24	7353
40	12185
2	631
2	579
3	968
6	1862
4	1220
2	613
2	650
2	641
2	620
2	584
3	985
2	625
2	660
11	3385
2	660
2	666
2	622
2	675
6	1830
2	617
5	1573
2	571
2	675
2	708
2	648
2	588
4	1130
2	589
4	1181
3	928
2	636
2	679
3	916
3	814
2	640
2	607
3	951
2	571
2	615
4	1199
2	586
4	1275
2	603
2	700
2	621
3	868
2	604
21	6665
8	2547
3	887
3	930
6	1893
2	734
2	675
2	639
3	966
2	674
7	2180
4	1156
2	573
2	625
2	608
2	642
2	610
4	1284
2	643
7	2170
2	587
2	583
2	629
3	927
2	606
2	607
3	947
2	579
3	932
2	540
4	1300
2	633
2	623
2	615
2	605
2	590
3	939
2	658
2	591
3	935
3	946
5	1478
2	669
6	1797
2	566
3	881
2	680
2	671
3	1005
2	682
4	1256
2	646
2	630
2	589
3	971
3	995
3	972
2	641
2	666
3	883
2	596
2	561
2	547
3	936
2	574
5	1637
15	4794
2	596
3	947
2	580
2	605
2	700
2	577
2	632
3	1038
3	993
2	613
2	629
3	926
2	623
2	565
2	611
3	946
14	4379
2	558
2	651
2	577
7	2193
2	632
2	604
2	656
2	654
2	701
2	600
5	1529
2	586
2	631
2	676
2	646
2	656
2	643
2	644
4	1325
4	1346
2	635
4	1349
3	1094
3	909
5	1535
3	959
3	950
2	615
4	1344
2	584
2	547
3	891
2	623
2	531
2	615
2	687
2	594
2	602
2	603
2	614
2	631
2	719
4	1294
2	631
2	564
3	877
3	957
4	1237
2	677
2	530
2	629
4	1182
2	565
10	3188
4	1184
3	880
2	604
37	11625
2	547
2	599
2	688
5	1442
3	931
2	536
2	589
2	639
3	959
2	760
2	695
2	635
4	1191
2	641
2	610
2	673
2	637
2	671
2	621
2	672
2	604
4	1241
4	1238
8	2473
2	653
3	889
4	1344
2	685
8	2455
3	985
2	604
2	618
2	598
2	705
4	1274
7	2351
2	643
3	955
5	1533
3	960
3	916
4	1230
3	888
2	645
3	934
7	2299
2	581
3	970
2	614
2	623
2	465
2	613
2	640
10	3090
6	1947
3	928
2	620
2	714
7	2217
2	637
5	1595
3	980
2	574
2	626
2	702
2	593
2	642
2	626
2	616
2	721
2	639
7	2124
3	1038
4	1351
2	649
2	623
2	707
3	1000
3	991
2	663
4	1274
2	554
2	640
2	624
2	623
2	588
2	671
2	568
2	554
2	659
4	1235
2	589
2	680
3	1006
2	648
2	671
2	582
2	637
2	632
2	581
2	678
3	961
2	640
2	610
2	649
2	623
2	638
8	2431
2	650
3	924
4	1153
2	569
2	661
2	554
2	613
2	505
2	655
2	629
2	673
2	631
2	633
2	656
4	1108
2	616
2	651
2	695
2	618
3	944
2	728
4	1232
3	965
2	606
2	628
2	621
5	1607
2	627
2	612
2	642
2	672
2	607
2	702
2	654
3	940
2	650
3	1025
2	636
2	575
5	1503
3	991
3	897
8	2524
2	590
2	673
2	628
5	1491
4	1243
2	573
4	1271
5	1544
2	658
2	621
2	620
2	703
2	636
3	901
2	672
2	618
2	603
2	633
2	545
2	606
3	904
3	924
2	608
3	998
2	684
2	581
4	1214
2	604
4	1229
3	855
4	1282
2	579
2	605
17	5409
2	629
6	1924
2	711
2	648
2	636
60	19012
2	536
2	668
3	957
2	603
2	587
11	3434
25	7806
3	850
2	628
4	1315
2	618
2	666
2	624
4	1223
2	591
3	920
2	636
2	622
3	940
2	596
2	620
6	1880
8	2432
2	642
9	2805
2	578
2	664
3	1033
2	569
2	648
2	600
2	599
2	651
2	654
3	893
2	656
2	649
3	849
2	640
3	945
3	946
14	4567
3	965
3	850
2	640
2	600
3	981
2	619
2	713
2	673
3	877
5	1657
3	1003
2	609
3	911
2	596
7	2227
2	615
2	610
2	674
2	562
2	568
3	913
2	538
3	1054
4	1291
2	631
2	708
2	613
2	587
2	627
2	638
2	650
7	2208
3	979
2	578
2	644
2	674
2	622
2	569
4	1256
2	644
2	640
2	652
3	973
2	591
2	657
2	618
2	608
14	4513
2	568
2	618
4	1297
4	1337
2	646
3	933
3	1029
2	609
2	630
2	670
2	667
2	636
2	654
2	615
2	628
2	545
2	662
2	629
2	593
4	1202
2	721
3	1021
2	628
3	917
2	633
15	4701
2	637
2	671
3	943
10	3366
13	4154
2	584
6	1874
2	564
2	636
2	645
4	1311
4	1185
2	614
2	635
2	562
2	600
7	2188
2	608
2	650
3	946
2	670
2	540
2	598
7	2174
2	608
4	1310
2	622
3	958
2	741
2	566
2	665
2	607
2	594
7	2164
2	650
2	640
3	940
3	892
2	596
4	1196
2	602
2	588
2	677
5	1692
5	1565
3	943
2	647
3	963
2	603
4	1296
3	941
2	673
3	867
2	668
2	715
2	673
2	584
3	935
5	1617
2	647
2	595
2	676
4	1281
3	926
2	673
2	602
2	628
2	607
2	552
2	636
2	681
4	1245
3	968
3	1014
2	633
5	1555
5	1538
2	617
5	1498
2	605
2	647
6	1893
4	1249
2	601
2	626
2	679
5	1582
2	661
2	685
3	941
2	578
3	1034
2	598
2	655
2	656
2	664
2	653
2	626
2	660
2	597
3	963
2	601
2	595
3	896
2	601
2	611
10	3024
2	561
2	652
2	573
5	1581
3	940
3	872
2	591
3	927
4	1188
2	558
2	631
3	918
2	581
3	964
2	579
2	670
14	4517
3	940
3	998
3	796
2	626
3	884
2	665
2	648
4	1226
2	592
7	2095
6	1875
2	632
3	933
2	661
3	966
2	629
6	1798
2	585
3	1077
2	684
2	736
2	616
2	593
2	565
5	1585
3	894
2	677
4	1224
7	2185
2	628
2	720
3	876
3	913
2	610
2	583
2	643
2	663
2	639
4	1237
3	920
2	621
2	663
2	601
2	632
2	656
4	1280
5	1642
2	633
2	625
3	914
4	1184
3	935
2	684
2	624
2	690
7	2314
2	612
2	572
2	603
2	608
4	1336
3	939
2	579
3	931
2	554
2	484
2	595
4	1240
5	1602
2	626
2	633
2	602
5	1575
2	653
8	2439
2	684
3	944
2	646
5	1457
2	674
3	849
10	3131
2	699
8	2611
4	1330
3	864
2	640
3	953
3	903
2	631
3	907
2	570
2	580
5	1601
2	589
2	658
2	670
4	1291
2	659
25	7786
2	610
2	641
2	677
6	1985
2	686
2	569
2	642
2	574
2	602
2	641
2	483
3	880
2	732
4	1278
2	696
2	669
2	556
2	604
3	910
4	1215
2	630
2	606
2	659
3	887
2	622
2	652
2	615
2	654
2	627
2	655
2	612
2	616
2	646
2	590
2	658
7	2130
2	614
5	1555
2	689
3	968
2	631
2	644
2	641
3	904
3	927
6	1713
2	630
3	964
2	666
2	611
2	623
2	644
2	647
2	661
4	1250
2	622
2	638
4	1112
2	676
10	3187
2	653
2	689
2	650
3	904
2	614
6	1837
3	961
2	638
2	675
2	576
2	577
4	1232
3	943
3	897
2	629
5	1557
2	689
2	692
3	966
2	633
3	874
2	597
2	635
2	605
4	1243
2	594
2	593
2	603
2	698
2	620
3	934
2	603
2	676
2	543
2	645
2	634
2	605
2	608
2	655
3	877
2	621
2	635
2	654
2	635
5	1549
2	597
2	610
2	640
4	1232
2	556
2	612
4	1216
2	607
2	634
2	614
2	651
2	657
2	589
2	636
2	662
4	1191
2	601
2	658
2	667
3	909
2	629
2	615
2	663
6	1856
2	614
3	1038
6	1904
2	570
4	1211
2	613
2	577
2	675
2	610
3	975
3	854
2	662
2	656
2	585
2	645
5	1589
2	609
3	957
7	2195
3	913
2	713
2	643
2	643
2	599
2	642
2	629
2	618
4	1167
3	953
2	649
13	4105
3	893
3	938
2	590
2	696
4	1212
5	1483
3	877
4	1219
4	1323
2	645
2	624
2	579
2	594
4	1210
2	592
2	592
2	636
2	685
8	2485
2	615
4	1266
2	623
2	703
6	1781
2	577
8	2533
4	1229
2	616
21	6712
2	604
8	2620
2	701
3	925
2	562
2	631
2	696
2	602
3	933
2	596
2	595
2	609
6	1855
2	583
5	1576
5	1576
47	14690
2	725
2	611
3	956
2	601
2	702
5	1465
2	593
3	874
4	1257
2	603
4	1276
2	626
2	601
2	659
2	626
2	645
2	640
2	638
3	918
2	676
2	574
4	1307
2	566
4	1216
2	607
2	648
4	1354
2	662
2	621
2	689
4	1265
2	576
2	616
2	680
2	682
2	628
2	633
2	598
2	584
2	670
2	595
3	911
2	629
3	886
2	625
2	606
2	616
2	492
2	576
2	638
2	570
2	671
2	633
2	590
2	650
2	630
3	891
2	673
2	619
3	878
6	1840
2	631
5	1642
3	898
2	599
3	919
2	671
2	557
2	638
2	590
2	654
2	608
2	679
2	583
3	943
5	1443
2	553
2	621
2	610
2	679
6	1858
2	601
12	3804
2	609
2	637
2	669
2	611
2	628
2	631
4	1246
4	1173
2	644
2	598
3	1029
9	2784
3	986
2	624
2	640
4	1180
2	629
3	863
2	662
2	646
2	603
2	642
2	571
4	1238
4	1321
2	621
3	990
3	945
2	551
7	2187
2	708
3	899
2	601
2	528
2	627
2	725
2	663
2	697
3	951
7	2114
4	1187
2	680
2	629
2	637
4	1335
2	646
2	747
2	594
18	5615
2	552
2	547
3	913
2	639
4	1242
11	3356
2	568
2	798
2	636
3	975
3	909
2	657
2	632
2	700
2	703
2	630
2	612
2	645
16	4909
2	612
2	650
2	601
2	650
7	2247
5	1582
3	871
2	595
2	609
11	3342
6	1840
55	17375
3	954
3	896
3	948
2	644
4	1163
2	670
8	2550
2	648
2	609
2	678
2	563
2	656
2	566
2	647
3	921
2	508
2	732
4	1280
2	665
4	1237
3	952
2	645
2	606
2	588
2	649
4	1203
3	944
2	639
2	582
2	738
2	655
2	608
2	633
2	597
2	584
4	1244
2	666
3	988
2	648
2	664
4	1178
2	658
2	638
3	895
3	856
2	620
2	636
3	970
3	897
2	673
2	646
6	1893
5	1641
2	601
3	949
2	643
2	620
2	683
5	1609
2	557
2	634
2	708
13	4193
3	907
4	1246
3	994
4	1259
3	1012
2	611
4	1283
3	956
2	682
2	646
5	1553
2	618
3	989
4	1290
2	650
2	622
12	3889
2	616
2	667
2	618
2	617
2	654
2	654
2	638
2	592
2	632
2	688
2	660
2	678
2	738
2	707
2	600
2	555
2	574
2	649
3	1026
3	909
3	1075
2	643
2	654
7	2131
2	571
2	613
2	627
2	536
2	638
2	661
17	5330
2	582
2	657
2	674
3	856
3	980
4	1243
3	933
2	625
2	609
2	581
3	857
5	1608
2	644
9	2999
2	575
3	957
3	880
4	1272
2	647
2	634
3	999
3	918
2	660
5	1718
2	645
2	692
3	930
2	588
2	674
2	621
2	565
2	586
2	579
2	619
6	1872
2	646
2	641
2	578
2	610
4	1221
2	652
2	584
2	649
4	1230
2	546
9	2704
2	638
10	3131
2	663
2	591
2	668
3	881
9	2831
3	1026
2	632
4	1215
2	596
2	621
2	714
2	639
2	679
5	1560
4	1198
2	599
2	616
3	932
2	629
2	618
2	642
3	884
2	561
2	668
2	648
3	906
4	1277
2	687
4	1305
2	571
3	881
2	656
3	847
4	1224
2	659
5	1711
2	565
2	624
2	640
2	587
2	617
2	519
2	754
5	1574
3	876
2	580
2	615
3	1023
14	4491
2	603
7	2186
5	1495
2	676
2	495
5	1561
2	621
7	2335
2	646
2	670
2	664
2	565
4	1315
2	609
2	579
2	642
2	606
5	1469
3	1019
3	926
2	608
4	1217
58	18184
2	637
2	628
5	1531
3	941
2	698
3	926
4	1289
2	702
2	646
2	631
3	905
9	2887
3	1011
2	669
2	661
2	557
3	984
4	1321
5	1619
2	626
6	1950
2	657
2	636
6	1853
2	699
2	624
2	604
7	2221
2	526
2	635
2	614
4	1349
2	505
2	574
2	611
2	645
15	4624
2	643
3	900
2	483
2	670
3	905
2	599
2	666
2	680
3	890
2	641
3	964
5	1543
2	675
2	730
9	2798
4	1310
2	638
3	921
2	641
4	1247
2	622
3	993
2	693
2	628
2	632
2	622
3	990
3	929
2	657
5	1629
2	643
2	622
2	628
3	888
2	544
2	637
2	688
2	636
3	973
3	979
2	604
2	725
2	567
3	871
2	575
12	3831
2	587
2	618
2	663
3	985
2	650
3	916
2	624
3	823
3	995
2	639
3	892
3	985
3	904
2	529
3	973
2	654
2	522
2	679
3	938
26	8322
3	885
6	1945
2	632
2	656
2	648
16	5032
2	622
3	932
2	581
2	647
2	648
2	677
2	602
3	936
8	2487
2	606
3	941
5	1560
4	1305
3	833
2	562
2	626
2	649
3	966
2	686
2	728
6	1896
4	1066
4	1177
3	974
2	573
2	613
2	563
2	662
2	701
3	969
2	631
2	640
3	887
5	1538
2	618
2	623
2	782
6	1739
3	1014
2	678
10	2996
2	614
2	649
2	640
2	651
2	615
2	609
2	593
2	654
3	963
2	626
3	932
3	946
2	638
2	594
2	594
14	4268
3	937
2	586
9	2811
2	581
4	1199
3	950
2	621
7	2233
3	860
3	962
3	912
3	918
3	924
6	1946
4	1310
2	637
2	619
3	1015
3	987
2	609
3	897
2	663
2	734
4	1206
4	1312
4	1308
8	2525
2	661
2	573
2	610
2	696
3	917
2	666
2	648
2	661
2	592
2	645
2	729
2	605
3	908
5	1610
4	1268
3	834
2	594
2	723
4	1262
2	603
2	585
3	901
2	612
2	673
3	862
2	662
2	644
8	2469
4	1238
3	1003
2	573
6	1903
3	915
5	1676
2	696
4	1165
4	1290
2	644
11	3310
2	578
2	582
2	583
15	4557
2	659
5	1558
2	667
2	628
3	877
2	643
5	1561
2	657
4	1242
2	624
2	658
2	588
2	562
2	650
3	955
3	849
3	912
3	916
4	1296
2	574
2	625
2	636
2	660
2	637
2	606
2	619
3	1012
2	529
2	634
2	634
2	621
2	688
2	681
3	908
2	615
3	922
2	632
2	610
2	670
2	635
3	900
2	536
2	592
3	949
2	617
2	644
2	718
2	578
7	2233
4	1364
4	1203
2	693
2	668
2	602
2	589
2	635
2	661
4	1261
3	1017
2	579
15	4661
2	693
3	1001
2	616
3	998
2	589
2	631
4	1300
4	1189
3	921
2	613
2	722
2	664
2	671
2	647
2	645
3	955
2	671
4	1285
2	562
7	2187
2	690
2	663
3	970
2	509
2	628
2	735
2	620
2	625
4	1256
4	1224
3	880
2	646
5	1616
2	597
2	613
2	634
2	581
5	1696
3	1102
2	585
8	2642
2	586
2	624
2	627
2	622
4	1260
2	691
5	1687
2	737
4	1242
2	632
3	915
2	614
2	562
2	625
2	621
2	632
2	675
2	684
3	865
2	659
3	918
2	670
2	623
37	11381
2	631
3	923
2	645
2	621
4	1394
3	944
4	1251
2	654
4	1247
2	601
4	1249
2	653
3	936
2	653
7	2206
2	646
2	640
2	665
3	934
2	615
2	651
2	657
2	596
2	663
2	592
2	672
3	978
2	674
5	1560
2	592
2	645
2	614
2	596
2	578
2	597
2	577
4	1228
3	889
2	632
2	563
3	993
3	978
5	1565
18	5640
7	2242
2	639
2	732
2	616
2	678
3	900
2	597
3	925
2	675
2	481
2	633
3	1015
3	980
2	631
4	1227
4	1248
2	630
2	583
2	576
3	938
5	1543
7	2287
2	581
4	1165
2	610
6	1930
2	587
2	638
2	544
4	1274
4	1258
2	648
2	703
17	5499
4	1225
8	2493
2	649
2	616
4	1261
2	631
2	588
2	621
2	567
2	687
2	648
2	713
3	950
2	606
2	639
2	660
27	8598
2	762
3	963
5	1593
2	658
2	562
2	661
2	690
2	640
2	589
3	963
2	629
2	633
2	627
2	577
3	1012
2	647
2	614
5	1622
2	624
3	957
2	572
2	587
2	685
3	973
2	571
2	640
2	552
2	668
2	648
7	2259
2	593
2	567
2	610
2	653
2	588
2	645
5	1505
4	1223
2	629
2	697
2	659
2	644
2	675
2	715
4	1236
2	682
2	584
7	2230
3	883
2	577
4	1246
2	671
2	679
2	612
2	624
2	670
2	607
7	2102
2	638
2	687
5	1747
2	669
2	614
2	613
2	647
2	682
2	675
2	626
3	870
3	903
2	649
2	624
2	634
4	1290
9	2944
5	1565
2	688
2	524
2	648
2	587
4	1128
2	658
3	962
3	944
3	1014
2	641
2	612
2	664
3	942
2	618
2	608
2	554
2	595
2	663
2	638
2	624
2	704
5	1654
2	697
2	613
6	1899
3	993
3	886
4	1265
3	931
3	992
2	655
3	894
6	1995
6	1863
2	597
2	618
2	589
2	647
2	590
2	609
3	922
2	629
2	608
7	2191
2	627
2	635
2	597
2	664
2	630
2	600
2	633
3	1007
3	979
2	591
4	1216
2	693
2	629
2	689
2	688
2	569
3	972
2	585
2	607
2	566
2	630
2	663
3	930
2	638
7	2194
3	990
13	4043
6	1802
2	650
2	541
3	1001
2	617
2	604
2	651
4	1284
2	573
3	899
2	656
2	682
2	690
2	634
2	610
4	1284
2	612
3	955
3	993
2	597
2	629
2	646
3	913
2	654
7	2243
3	903
2	571
3	930
2	613
3	820
4	1338
6	1938
2	624
2	593
5	1609
5	1547
2	591
2	640
4	1264
2	642
4	1244
2	642
2	631
5	1570
3	909
2	581
2	722
3	1008
5	1585
2	637
2	591
6	2037
3	1013
2	624
5	1652
2	638
2	602
7	2007
2	685
3	1003
4	1312
6	1978
3	955
2	584
2	612
25	7845
2	598
2	649
2	631
2	655
3	963
2	644
2	596
14	4414
4	1238
4	1228
8	2615
8	2657
2	599
2	649
2	606
2	637
4	1332
2	656
2	616
3	974
3	957
4	1188
2	589
3	981
2	549
2	636
4	1313
2	624
2	644
2	612
2	683
2	600
2	605
4	1212
3	955
3	920
2	635
2	658
4	1303
2	643
2	633
3	849
3	907
6	1900
3	897
3	1082
3	928
3	879
16	5029
2	628
2	629
2	569
2	670
2	623
2	612
2	647
3	956
2	512
4	1250
2	598
2	572
2	625
2	660
2	659
9	2835
2	604
2	612
2	699
2	685
2	648
2	652
2	574
3	959
3	958
5	1732
2	619
3	935
2	582
3	1008
3	966
4	1113
2	623
2	648
2	709
2	555
2	636
3	937
4	1451
2	638
4	1336
2	581
2	563
2	586
3	941
3	979
2	610
2	608
4	1255
9	2788
8	2597
2	607
7	2086
2	605
2	642
2	665
2	583
2	652
2	584
2	652
2	549
2	658
3	932
2	543
3	808
2	666
5	1590
4	1420
3	1007
9	2788
2	680
4	1219
6	1816
2	655
2	615
2	641
2	630
2	604
13	4045
2	576
3	936
2	593
2	696
2	691
3	936
2	683
3	898
2	630
2	603
6	1890
9	2907
2	654
2	588
2	555
4	1351
3	942
2	592
2	696
3	857
6	1934
6	1740
2	686
2	610
2	595
2	633
5	1524
3	946
3	928
3	908
2	590
3	925
6	1857
2	603
2	529
2	630
16	5097
2	678
5	1570
2	637
2	540
2	676
2	592
2	672
3	1006
4	1203
3	912
2	676
2	642
2	680
6	1843
2	645
4	1261
3	1020
3	960
2	527
2	651
2	666
2	579
7	2323
2	666
2	652
4	1184
2	639
2	606
4	1208
3	907
2	679
2	663
10	3130
6	1871
4	1264
2	690
2	677
2	586
2	663
6	1851
2	666
2	611
2	619
2	711
2	608
2	708
5	1563
2	673
2	657
3	1005
2	628
3	974
5	1603
3	911
4	1242
3	901
2	611
2	647
3	913
6	1887
5	1585
2	656
3	921
3	889
2	609
2	614
3	992
2	622
2	567
2	645
3	972
2	618
17	5315
2	621
2	602
10	2971
5	1718
2	662
2	650
4	1375
5	1448
2	628
5	1545
2	562
6	1958
2	629
2	542
4	1275
4	1254
2	585
2	566
3	925
2	663
2	668
2	608
2	646
7	2231
2	610
5	1589
2	674
2	702
2	592
2	635
3	929
2	556
3	1126
2	642
2	634
2	659
2	649
2	643
2	680
2	633
2	667
3	870
2	603
3	948
2	548
3	961
2	599
2	611
3	910
7	2225
4	1188
3	887
2	640
5	1605
2	613
5	1553
6	1871
2	621
2	600
2	648
3	939
2	635
2	544
2	660
3	941
2	584
2	499
3	836
2	612
2	520
2	642
2	602
3	1009
3	931
2	596
2	646
2	646
2	602
2	660
3	981
2	649
2	581
12	3575
2	661
2	580
6	1957
2	652
2	681
2	641
2	634
4	1308
2	622
2	641
2	660
13	4117
2	569
2	642
5	1601
2	614
5	1597
2	653
5	1550
4	1201
2	582
2	615
2	641
7	2237
3	944
3	1025
2	607
2	607
4	1241
7	2185
5	1523
27	8383
2	637
2	616
2	620
3	954
2	593
2	614
2	652
4	1213
2	644
2	640
3	897
2	520
2	645
2	583
2	554
5	1585
2	636
3	917
2	659
6	1894
2	649
2	719
2	672
3	908
9	2863
2	613
2	575
2	602
3	953
5	1558
3	872
3	947
3	1010
2	614
7	2113
3	912
3	957
4	1231
2	653
4	1299
3	967
2	616
2	661
2	622
2	606
2	655
2	658
5	1638
2	648
3	1004
2	602
2	583
5	1534
3	962
2	671
2	594
4	1284
2	638
3	971
2	641
2	646
2	674
2	638
3	981
4	1171
2	621
3	882
26	8295
2	601
2	603
3	1121
4	1266
2	586
3	897
4	1299
2	662
2	623
2	625
2	625
2	581
2	621
2	562
2	595
5	1515
2	548
2	667
2	623
2	611
2	689
2	668
3	959
2	645
7	2173
4	1148
3	929
2	661
2	618
2	602
3	987
3	990
3	976
2	603
3	983
2	635
2	667
14	4282
2	538
3	920
2	770
2	618
2	623
5	1622
2	545
2	598
2	602
3	997
3	995
2	654
2	733
3	868
2	609
3	812
3	921
3	895
5	1541
2	669
3	961
3	916
2	627
2	630
3	968
5	1589
2	672
2	581
2	676
8	2363
2	700
4	1300
2	598
2	687
2	615
3	979
2	694
2	660
2	608
2	673
4	1285
2	551
2	630
6	1812
2	617
2	646
2	649
2	564
3	885
3	894
2	684
3	966
2	591
11	3367
2	597
3	1034
4	1183
2	582
4	1277
3	860
2	676
2	598
2	614
2	658
2	664
2	657
3	972
2	625
3	876
4	1248
2	551
2	640
3	902
2	652
3	954
3	967
2	635
2	646
2	661
2	593
2	598
6	1889
2	618
3	930
2	657
2	638
4	1210
4	1146
2	626
2	630
3	933
5	1595
2	553
2	599
2	632
2	677
2	584
2	716
3	900
2	561
2	570
2	675
3	1011
2	598
4	1163
4	1184
2	608
6	1970
4	1179
2	624
2	692
5	1578
3	946
2	635
5	1583
3	971
2	623
2	625
10	3173
9	2858
2	632
2	630
3	896
2	625
3	981
10	3349
3	925
3	928
2	592
2	587
3	992
2	651
11	3488
2	600
2	612
2	651
4	1225
2	652
2	642
4	1325
2	671
3	998
2	657
2	614
3	1035
2	663
4	1329
2	630
2	636
3	918
2	641
2	544
2	605
2	657
2	618
2	638
2	648
4	1308
3	903
9	2786
14	4479
2	511
6	1892
3	893
5	1653
3	983
2	615
3	903
2	635
2	684
2	640
2	584
2	563
2	645
2	628
2	613
2	617
2	569
19	5911
2	601
2	593
2	642
9	2893
6	1837
11	3466
3	1035
3	886
3	1046
2	611
2	632
2	619
2	591
4	1334
9	2740
2	559
2	620
2	671
3	983
2	692
2	654
3	825
3	950
3	1032
2	697
3	984
4	1302
2	633
2	673
5	1489
2	644
4	1248
2	547
3	975
2	606
2	583
5	1610
2	666
2	557
2	673
2	617
2	674
3	971
2	644
5	1615
2	660
11	3327
6	1879
2	752
2	583
11	3395
2	652
2	594
2	634
2	662
5	1446
3	860
3	971
6	1942
2	678
3	908
2	631
6	1821
5	1569
5	1427
2	624
4	1292
2	714
2	635
3	908
2	682
5	1597
2	610
4	1266
2	577
4	1270
2	574
2	617
2	691
2	529
2	582
2	630
2	581
2	648
14	4381
11	3441
4	1216
6	1918
2	736
4	1303
2	602
3	975
2	647
2	686
2	664
2	626
2	588
19	5924
2	639
2	615
2	560
2	643
5	1563
4	1336
3	908
2	609
3	939
2	648
2	650
3	993
2	691
2	698
11	3443
2	646
2	628
2	646
9	2963
2	640
2	600
2	627
4	1202
5	1557
2	693
3	1030
4	1307
2	703
2	633
2	604
10	3181
3	875
3	959
2	672
2	670
3	949
8	2471
5	1598
2	643
2	638
2	639
2	656
7	2114
3	988
2	624
2	628
2	661
4	1268
4	1262
2	573
2	614
6	1855
2	651
2	555
4	1099
3	943
4	1250
3	973
2	637
2	615
2	676
2	673
3	932
2	641
4	1233
2	648
2	601
5	1561
2	581
5	1617
2	599
2	636
4	1314
3	1013
4	1245
2	591
2	579
6	1816
5	1643
10	3088
2	589
2	660
2	575
2	606
2	679
3	968
2	634
2	634
3	916
2	639
2	634
2	728
2	641
2	700
2	671
2	560
8	2652
7	2336
3	894
4	1309
3	900
3	969
2	691
2	662
2	593
2	590
2	602
3	960
2	608
2	651
2	590
3	873
2	634
2	581
3	970
2	646
3	932
2	606
13	4361
2	631
2	553
2	630
3	1042
7	2196
2	652
2	712
2	613
3	929
2	666
2	618
4	1287
2	585
2	707
4	1266
10	3098
3	928
2	638
2	598
2	654
2	587
3	960
2	637
3	960
5	1586
2	679
2	729
2	649
4	1246
2	569
3	965
2	633
2	630
2	622
2	624
3	803
2	578
3	915
2	683
3	917
3	929
2	677
2	593
2	659
2	699
4	1201
2	591
3	971
7	2287
2	644
2	611
2	632
2	580
2	688
2	583
4	1225
9	2766
2	639
2	601
3	893
2	644
2	638
5	1650
2	646
3	895
2	639
2	691
2	635
5	1611
2	617
2	627
2	660
2	576
3	965
4	1291
2	730
8	2460
2	600
14	4572
6	1816
2	596
2	640
2	621
2	659
2	589
2	611
6	1816
9	2960
4	1203
3	989
2	688
6	2002
2	709
2	596
3	948
2	636
9	2940
2	613
2	680
3	957
2	652
2	650
3	1036
2	655
2	645
2	608
3	913
3	949
2	569
4	1230
2	653
3	917
3	959
11	3504
2	598
2	653
2	605
2	608
2	615
2	600
2	615
2	629
3	896
3	943
5	1597
3	971
2	651
3	871
2	609
5	1648
2	627
3	1072
2	662
2	626
5	1555
3	921
2	653
2	640
2	673
8	2452
2	595
2	612
2	649
3	1049
2	648
2	587
2	628
2	577
2	626
2	644
27	8508
2	731
3	920
2	572
2	649
5	1469
2	612
6	1923
2	641
2	650
3	965
2	630
2	630
2	667
5	1558
3	1022
2	559
7	2220
2	711
6	1877
2	697
2	622
2	639
2	650
2	670
2	625
5	1500
10	3135
2	589
2	716
4	1230
2	584
2	638
2	684
2	570
3	940
3	946
3	1020
3	887
20	6196
2	626
4	1179
2	669
3	972
33	10404
2	659
13	4046
2	648
5	1538
3	913
2	598
2	627
2	664
2	657
6	1885
2	570
2	593
3	949
2	616
2	655
4	1197
2	645
3	1031
2	683
2	646
2	629
2	585
4	1294
2	677
2	599
7	2270
2	628
4	1250
2	563
2	621
3	991
5	1482
2	610
2	652
2	590
2	685
4	1274
2	658
4	1220
2	605
3	976
2	639
2	599
2	602
3	954
6	1888
2	665
2	630
5	1648
2	712
2	586
2	565
5	1513
2	660
3	988
2	603
2	606
2	648
3	961
2	612
2	603
5	1512
2	617
2	613
2	649
5	1744
2	620
3	955
6	1880
6	1885
2	602
2	662
2	679
2	632
2	623
2	612
2	644
2	608
3	957
2	687
2	595
2	579
2	631
2	597
2	675
3	924
2	652
5	1554
2	605
2	592
4	1230
2	617
5	1553
2	620
4	1203
2	622
3	1026
3	863
4	1132
3	915
4	1152
3	928
2	652
2	642
2	626
11	3456
2	684
4	1258
2	637
7	2146
2	612
2	587
5	1519
2	706
8	2549
2	522
3	898
2	588
2	597
2	586
6	1852
2	517
2	623
2	698
2	660
2	523
6	1917
3	922
18	5743
2	699
2	690
2	603
2	638
2	635
4	1257
2	597
3	1059
3	1010
2	647
2	625
2	645
6	1875
3	810
2	740
5	1565
2	625
2	627
2	636
2	586
2	680
10	3071
3	915
2	616
2	623
7	2257
2	661
2	620
4	1250
2	758
2	658
2	646
2	654
2	582
3	1046
2	626
5	1504
2	654
6	1976
2	656
12	3647
2	637
2	594
2	588
2	627
2	632
2	614
2	625
2	571
2	603
2	618
6	1792
2	653
4	1304
2	648
3	969
2	594
3	964
2	507
2	663
3	865
3	969
5	1566
5	1553
3	984
2	576
2	644
2	642
2	661
3	999
2	587
3	1062
4	1260
2	654
2	644
6	1911
3	966
2	652
5	1488
2	633
3	947
4	1184
2	577
2	656
2	625
2	626
10	3117
5	1647
4	1261
5	1590
3	878
2	675
2	652
2	564
2	651
5	1499
2	649
2	578
2	583
3	958
2	638
2	597
2	691
2	640
2	609
2	579
2	627
7	2210
2	643
2	616
2	557
3	993
6	1898
3	893
2	528
3	915
21	6670
2	618
6	1950
13	4156
3	927
2	598
3	908
2	649
3	914
2	652
3	955
5	1542
2	619
2	557
6	1872
2	678
6	1930
2	619
2	607
2	588
2	619
2	701
2	608
2	658
4	1202
3	876
3	955
3	930
2	570
2	607
3	967
2	625
2	628
2	629
4	1254
2	608
2	579
3	1025
2	597
3	878
2	607
4	1305
3	960
2	613
2	634
2	620
2	613
2	576
8	2473
7	2272
2	636
2	629
2	619
2	668
2	558
3	935
2	599
3	835
2	588
2	618
3	851
3	906
2	615
2	583
2	655
2	643
2	646
4	1326
3	978
3	1002
3	914
4	1314
2	580
2	667
2	611
3	924
2	601
2	565
2	621
3	979
2	654
7	2213
2	653
3	875
2	627
2	597
3	854
6	1922
2	675
2	618
2	500
2	584
2	621
2	587
2	692
2	615
3	924
2	600
2	603
2	666
2	649
3	924
2	565
3	869
2	663
2	606
8	2486
2	679
2	574
2	626
2	616
3	872
18	5607
2	612
2	593
4	1253
5	1482
9	2948
2	627
2	644
2	653
2	718
2	603
3	947
2	597
2	685
3	866
2	655
2	574
2	642
2	609
3	1025
3	924
3	914
4	1238
2	629
5	1521
4	1280
2	552
10	3032
2	607
2	584
3	884
2	588
2	690
2	572
4	1183
2	614
2	629
2	587
2	724
2	592
6	1786
5	1581
2	650
2	657
2	597
2	605
2	579
3	930
2	594
3	988
2	652
2	658
2	587
2	585
3	938
2	661
3	934
2	653
2	625
3	1074
5	1640
2	659
2	632
2	611
10	3167
2	623
6	1769
3	938
2	600
2	603
5	1444
3	943
2	661
2	773
2	623
7	2098
3	970
3	856
3	925
4	1312
2	617
2	613
2	610
3	990
7	2128
7	2170
2	614
2	679
2	630
2	596
2	690
6	1829
3	939
2	603
2	616
2	607
2	599
2	597
2	519
2	640
2	645
2	621
2	620
2	677
2	561
2	643
3	980
4	1214
3	937
2	639
4	1310
2	623
2	609
2	667
2	563
2	698
2	605
6	1979
2	607
3	938
2	687
5	1566
2	575
2	670
2	647
2	614
